ransei = {
	1 2 3 4 5 6 7 8 9 10 11 12 13 14 15 16 17
	18 19 20 21 22 23 26
	27 28 30 31 32 33 34 35 36 37
	38 39 40 41 42 44 45 46 47
	48 49 50 51 52 53 54 55 56 57
	
	
	#Wasteland
	1000
	24 25 29 43
}

asia = {
	205 206 207 208 209 210 211 212 213 214 215 216 217 218 219 220 221 222 223
	224 225 226 227 228 229 230 231 232 233 234 235 236 237 238 239 240 241 242
	243 244 245 246 247 248 249 271 272 273
}

oceania = {
	250 251 252 253 254 255 256 257 258 259 260 261 262 263 264 265 266 267 268 269 270
}

island_check_provinces = {
	8 # Illusio - Ransei
}

# Used for RNW
new_world = {
}