1=
{
    position=
    {
        2004.614 871.039 2004.614 871.039 2004.614 871.039 2004.614 871.039 2004.614 871.039 2004.614 871.039 2004.614 871.039
    }
    rotation=
    {
        0.000 0.000 0.000 0.000 0.000 0.000 0.000
    }
    height=
    {
        0.000 0.000 0.000 0.000 0.000 0.000 0.000
    }
}
2=
{
    position=
    {
        2023.544 838.487 2023.544 838.487 2023.544 838.487 2023.544 838.487 2023.544 838.487 2023.544 838.487 2023.544 838.487
    }
    rotation=
    {
        0.000 0.000 0.000 0.000 0.000 0.000 0.000
    }
    height=
    {
        0.000 0.000 0.000 0.000 0.000 0.000 0.000
    }
}
3=
{
    position=
    {
        1957.103 869.222 1957.103 869.222 1957.103 869.222 1957.103 869.222 1957.103 869.222 1957.103 869.222 1957.103 869.222
    }
    rotation=
    {
        0.000 0.000 0.000 0.000 0.000 0.000 0.000
    }
    height=
    {
        0.000 0.000 0.000 0.000 0.000 0.000 0.000
    }
}
4=
{
    position=
    {
        2004.335 897.675 2004.335 897.675 2004.335 897.675 2004.335 897.675 2004.335 897.675 2004.335 897.675 2004.335 897.675
    }
    rotation=
    {
        0.000 0.000 0.000 0.000 0.000 0.000 0.000
    }
    height=
    {
        0.000 0.000 0.000 0.000 0.000 0.000 0.000
    }
}
5=
{
    position=
    {
        1928.981 770.010 1928.981 770.010 1928.981 770.010 1928.981 770.010 1928.981 770.010 1928.981 770.010 1928.981 770.010
    }
    rotation=
    {
        0.000 0.000 0.000 0.000 0.000 0.000 0.000
    }
    height=
    {
        0.000 0.000 0.000 0.000 0.000 0.000 0.000
    }
}
6=
{
    position=
    {
        1934.756 747.314 1934.756 747.314 1934.756 747.314 1934.756 747.314 1934.756 747.314 1934.756 747.314 1934.756 747.314
    }
    rotation=
    {
        0.000 0.000 0.000 0.000 0.000 0.000 0.000
    }
    height=
    {
        0.000 0.000 0.000 0.000 0.000 0.000 0.000
    }
}
7=
{
    position=
    {
        2032.003 814.960 2032.003 814.960 2032.003 814.960 2032.003 814.960 2032.003 814.960 2032.003 814.960 2032.003 814.960
    }
    rotation=
    {
        0.000 0.000 0.000 0.000 0.000 0.000 0.000
    }
    height=
    {
        0.000 0.000 0.000 0.000 0.000 0.000 0.000
    }
}
8=
{
    position=
    {
        2114.909 741.693 2114.909 741.693 2114.909 741.693 2114.909 741.693 2114.909 741.693 2114.909 741.693 2114.909 741.693
    }
    rotation=
    {
        0.000 0.000 0.000 0.000 0.000 0.000 0.000
    }
    height=
    {
        0.000 0.000 0.000 0.000 0.000 0.000 0.000
    }
}
9=
{
    position=
    {
        2118.291 796.619 2118.291 796.619 2118.291 796.619 2118.291 796.619 2118.291 796.619 2118.291 796.619 2118.291 796.619
    }
    rotation=
    {
        0.000 0.000 0.000 0.000 0.000 0.000 0.000
    }
    height=
    {
        0.000 0.000 0.000 0.000 0.000 0.000 0.000
    }
}
10=
{
    position=
    {
        2217.774 814.205 2217.774 814.205 2217.774 814.205 2217.774 814.205 2217.774 814.205 2217.774 814.205 2217.774 814.205
    }
    rotation=
    {
        0.000 0.000 0.000 0.000 0.000 0.000 0.000
    }
    height=
    {
        0.000 0.000 0.000 0.000 0.000 0.000 0.000
    }
}
11=
{
    position=
    {
        2247.910 771.076 2247.910 771.076 2247.910 771.076 2247.910 771.076 2247.910 771.076 2247.910 771.076 2247.910 771.076
    }
    rotation=
    {
        0.000 0.000 0.000 0.000 0.000 0.000 0.000
    }
    height=
    {
        0.000 0.000 0.000 0.000 0.000 0.000 0.000
    }
}
12=
{
    position=
    {
        2233.263 872.638 2233.263 872.638 2233.263 872.638 2233.263 872.638 2233.263 872.638 2233.263 872.638 2233.263 872.638
    }
    rotation=
    {
        0.000 0.000 0.000 0.000 0.000 0.000 0.000
    }
    height=
    {
        0.000 0.000 0.000 0.000 0.000 0.000 0.000
    }
}
13=
{
    position=
    {
        2192.888 720.022 2192.888 720.022 2192.888 720.022 2192.888 720.022 2192.888 720.022 2192.888 720.022 2192.888 720.022
    }
    rotation=
    {
        0.000 0.000 0.000 0.000 0.000 0.000 0.000
    }
    height=
    {
        0.000 0.000 0.000 0.000 0.000 0.000 0.000
    }
}
14=
{
    position=
    {
        2167.677 655.466 2167.677 655.466 2167.677 655.466 2167.677 655.466 2167.677 655.466 2167.677 655.466 2167.677 655.466
    }
    rotation=
    {
        0.000 0.000 0.000 0.000 0.000 0.000 0.000
    }
    height=
    {
        0.000 0.000 0.000 0.000 0.000 0.000 0.000
    }
}
15=
{
    position=
    {
        2259.113 651.702 2259.113 651.702 2259.113 651.702 2259.113 651.702 2259.113 651.702 2259.113 651.702 2259.113 651.702
    }
    rotation=
    {
        0.000 0.000 0.000 0.000 0.000 0.000 0.000
    }
    height=
    {
        0.000 0.000 0.000 0.000 0.000 0.000 0.000
    }
}
16=
{
    position=
    {
        2115.141 608.104 2115.141 608.104 2115.141 608.104 2115.141 608.104 2115.141 608.104 2115.141 608.104 2115.141 608.104
    }
    rotation=
    {
        0.000 0.000 0.000 0.000 0.000 0.000 0.000
    }
    height=
    {
        0.000 0.000 0.000 0.000 0.000 0.000 0.000
    }
}
17=
{
    position=
    {
        2210.693 622.091 2210.693 622.091 2210.693 622.091 2210.693 622.091 2210.693 622.091 2210.693 622.091 2210.693 622.091
    }
    rotation=
    {
        0.000 0.000 0.000 0.000 0.000 0.000 0.000
    }
    height=
    {
        0.000 0.000 0.000 0.000 0.000 0.000 0.000
    }
}
18=
{
    position=
    {
        1980.031 898.312 1980.031 898.312 1980.031 898.312 1980.031 898.312 1980.031 898.312 1980.031 898.312 1980.031 898.312
    }
    rotation=
    {
        0.000 0.000 0.000 0.000 0.000 0.000 0.000
    }
    height=
    {
        0.000 0.000 0.000 0.000 0.000 0.000 0.000
    }
}
19=
{
    position=
    {
        1981.192 896.192 1981.192 896.192 1981.192 896.192 1981.192 896.192 1981.192 896.192 1981.192 896.192 1981.192 896.192
    }
    rotation=
    {
        0.000 0.000 0.000 0.000 0.000 0.000 0.000
    }
    height=
    {
        0.000 0.000 0.000 0.000 0.000 0.000 0.000
    }
}
20=
{
    position=
    {
        1988.827 890.071 1988.827 890.071 1988.827 890.071 1988.827 890.071 1988.827 890.071 1988.827 890.071 1988.827 890.071
    }
    rotation=
    {
        0.000 0.000 0.000 0.000 0.000 0.000 0.000
    }
    height=
    {
        0.000 0.000 0.000 0.000 0.000 0.000 0.000
    }
}
21=
{
    position=
    {
        1994.006 880.142 1994.006 880.142 1994.006 880.142 1994.006 880.142 1994.006 880.142 1994.006 880.142 1994.006 880.142
    }
    rotation=
    {
        0.000 0.000 0.000 0.000 0.000 0.000 0.000
    }
    height=
    {
        0.000 0.000 0.000 0.000 0.000 0.000 0.000
    }
}
22=
{
    position=
    {
        2008.199 882.924 2008.199 882.924 2008.199 882.924 2008.199 882.924 2008.199 882.924 2008.199 882.924 2008.199 882.924
    }
    rotation=
    {
        0.000 0.000 0.000 0.000 0.000 0.000 0.000
    }
    height=
    {
        0.000 0.000 0.000 0.000 0.000 0.000 0.000
    }
}
23=
{
    position=
    {
        1985.630 870.912 1985.630 870.912 1985.630 870.912 1985.630 870.912 1985.630 870.912 1985.630 870.912 1985.630 870.912
    }
    rotation=
    {
        0.000 0.000 0.000 0.000 0.000 0.000 0.000
    }
    height=
    {
        0.000 0.000 0.000 0.000 0.000 0.000 0.000
    }
}
24=
{
    position=
    {
        1985.678 861.983 1985.678 861.983 1985.678 861.983 1985.678 861.983 1985.678 861.983 1985.678 861.983 1985.678 861.983
    }
    rotation=
    {
        0.000 0.000 0.000 0.000 0.000 0.000 0.000
    }
    height=
    {
        0.000 0.000 0.000 0.000 0.000 0.000 0.000
    }
}
25=
{
    position=
    {
        2023.651 878.268 2023.651 878.268 2023.651 878.268 2023.651 878.268 2023.651 878.268 2023.651 878.268 2023.651 878.268
    }
    rotation=
    {
        0.000 0.000 0.000 0.000 0.000 0.000 0.000
    }
    height=
    {
        0.000 0.000 0.000 0.000 0.000 0.000 0.000
    }
}
26=
{
    position=
    {
        2029.299 871.243 2029.299 871.243 2029.299 871.243 2029.299 871.243 2029.299 871.243 2029.299 871.243 2029.299 871.243
    }
    rotation=
    {
        0.000 0.000 0.000 0.000 0.000 0.000 0.000
    }
    height=
    {
        0.000 0.000 0.000 0.000 0.000 0.000 0.000
    }
}
27=
{
    position=
    {
        2036.858 864.105 2036.858 864.105 2036.858 864.105 2036.858 864.105 2036.858 864.105 2036.858 864.105 2036.858 864.105
    }
    rotation=
    {
        0.000 0.000 0.000 0.000 0.000 0.000 0.000
    }
    height=
    {
        0.000 0.000 0.000 0.000 0.000 0.000 0.000
    }
}
28=
{
    position=
    {
        2053.957 860.261 2053.957 860.261 2053.957 860.261 2053.957 860.261 2053.957 860.261 2053.957 860.261 2053.957 860.261
    }
    rotation=
    {
        0.000 0.000 0.000 0.000 0.000 0.000 0.000
    }
    height=
    {
        0.000 0.000 0.000 0.000 0.000 0.000 0.000
    }
}
29=
{
    position=
    {
        2037.062 853.822 2037.062 853.822 2037.062 853.822 2037.062 853.822 2037.062 853.822 2037.062 853.822 2037.062 853.822
    }
    rotation=
    {
        0.000 0.000 0.000 0.000 0.000 0.000 0.000
    }
    height=
    {
        0.000 0.000 0.000 0.000 0.000 0.000 0.000
    }
}
30=
{
    position=
    {
        2016.565 864.574 2016.565 864.574 2016.565 864.574 2016.565 864.574 2016.565 864.574 2016.565 864.574 2016.565 864.574
    }
    rotation=
    {
        0.000 0.000 0.000 0.000 0.000 0.000 0.000
    }
    height=
    {
        0.000 0.000 0.000 0.000 0.000 0.000 0.000
    }
}
31=
{
    position=
    {
        2052.457 844.723 2052.457 844.723 2052.457 844.723 2052.457 844.723 2052.457 844.723 2052.457 844.723 2052.457 844.723
    }
    rotation=
    {
        0.000 0.000 0.000 0.000 0.000 0.000 0.000
    }
    height=
    {
        0.000 0.000 0.000 0.000 0.000 0.000 0.000
    }
}
32=
{
    position=
    {
        2045.120 834.733 2045.120 834.733 2045.120 834.733 2045.120 834.733 2045.120 834.733 2045.120 834.733 2045.120 834.733
    }
    rotation=
    {
        0.000 0.000 0.000 0.000 0.000 0.000 0.000
    }
    height=
    {
        0.000 0.000 0.000 0.000 0.000 0.000 0.000
    }
}
33=
{
    position=
    {
        2032.264 826.432 2032.264 826.432 2032.264 826.432 2032.264 826.432 2032.264 826.432 2032.264 826.432 2032.264 826.432
    }
    rotation=
    {
        0.000 0.000 0.000 0.000 0.000 0.000 0.000
    }
    height=
    {
        0.000 0.000 0.000 0.000 0.000 0.000 0.000
    }
}
34=
{
    position=
    {
        2005.052 835.811 2005.052 835.811 2005.052 835.811 2005.052 835.811 2005.052 835.811 2005.052 835.811 2005.052 835.811
    }
    rotation=
    {
        0.000 0.000 0.000 0.000 0.000 0.000 0.000
    }
    height=
    {
        0.000 0.000 0.000 0.000 0.000 0.000 0.000
    }
}
35=
{
    position=
    {
        2011.120 856.681 2011.120 856.681 2011.120 856.681 2011.120 856.681 2011.120 856.681 2011.120 856.681 2011.120 856.681
    }
    rotation=
    {
        0.000 0.000 0.000 0.000 0.000 0.000 0.000
    }
    height=
    {
        0.000 0.000 0.000 0.000 0.000 0.000 0.000
    }
}
36=
{
    position=
    {
        1990.996 842.145 1990.996 842.145 1990.996 842.145 1990.996 842.145 1990.996 842.145 1990.996 842.145 1990.996 842.145
    }
    rotation=
    {
        0.000 0.000 0.000 0.000 0.000 0.000 0.000
    }
    height=
    {
        0.000 0.000 0.000 0.000 0.000 0.000 0.000
    }
}
37=
{
    position=
    {
        1994.148 854.278 1994.148 854.278 1994.148 854.278 1994.148 854.278 1994.148 854.278 1994.148 854.278 1994.148 854.278
    }
    rotation=
    {
        0.000 0.000 0.000 0.000 0.000 0.000 0.000
    }
    height=
    {
        0.000 0.000 0.000 0.000 0.000 0.000 0.000
    }
}
38=
{
    position=
    {
        1966.275 902.145 1966.275 902.145 1966.275 902.145 1966.275 902.145 1966.275 902.145 1966.275 902.145 1966.275 902.145
    }
    rotation=
    {
        0.000 0.000 0.000 0.000 0.000 0.000 0.000
    }
    height=
    {
        0.000 0.000 0.000 0.000 0.000 0.000 0.000
    }
}
39=
{
    position=
    {
        1950.085 929.297 1950.085 929.297 1950.085 929.297 1950.085 929.297 1950.085 929.297 1950.085 929.297 1950.085 929.297
    }
    rotation=
    {
        0.000 0.000 0.000 0.000 0.000 0.000 0.000
    }
    height=
    {
        0.000 0.000 0.000 0.000 0.000 0.000 0.000
    }
}
40=
{
    position=
    {
        1927.322 930.721 1927.322 930.721 1927.322 930.721 1927.322 930.721 1927.322 930.721 1927.322 930.721 1927.322 930.721
    }
    rotation=
    {
        0.000 0.000 0.000 0.000 0.000 0.000 0.000
    }
    height=
    {
        0.000 0.000 0.000 0.000 0.000 0.000 0.000
    }
}
41=
{
    position=
    {
        1964.917 885.791 1964.917 885.791 1964.917 885.791 1964.917 885.791 1964.917 885.791 1964.917 885.791 1964.917 885.791
    }
    rotation=
    {
        0.000 0.000 0.000 0.000 0.000 0.000 0.000
    }
    height=
    {
        0.000 0.000 0.000 0.000 0.000 0.000 0.000
    }
}
42=
{
    position=
    {
        1940.388 914.600 1940.388 914.600 1940.388 914.600 1940.388 914.600 1940.388 914.600 1940.388 914.600 1940.388 914.600
    }
    rotation=
    {
        0.000 0.000 0.000 0.000 0.000 0.000 0.000
    }
    height=
    {
        0.000 0.000 0.000 0.000 0.000 0.000 0.000
    }
}
43=
{
    position=
    {
        1921.857 901.611 1921.857 901.611 1921.857 901.611 1921.857 901.611 1921.857 901.611 1921.857 901.611 1921.857 901.611
    }
    rotation=
    {
        0.000 0.000 0.000 0.000 0.000 0.000 0.000
    }
    height=
    {
        0.000 0.000 0.000 0.000 0.000 0.000 0.000
    }
}
44=
{
    position=
    {
        1965.375 836.496 1965.375 836.496 1965.375 836.496 1965.375 836.496 1965.375 836.496 1965.375 836.496 1965.375 836.496
    }
    rotation=
    {
        0.000 0.000 0.000 0.000 0.000 0.000 0.000
    }
    height=
    {
        0.000 0.000 0.000 0.000 0.000 0.000 0.000
    }
}
45=
{
    position=
    {
        1945.321 857.570 1945.321 857.570 1945.321 857.570 1945.321 857.570 1945.321 857.570 1945.321 857.570 1945.321 857.570
    }
    rotation=
    {
        0.000 0.000 0.000 0.000 0.000 0.000 0.000
    }
    height=
    {
        0.000 0.000 0.000 0.000 0.000 0.000 0.000
    }
}
46=
{
    position=
    {
        1972.199 852.306 1972.199 852.306 1972.199 852.306 1972.199 852.306 1972.199 852.306 1972.199 852.306 1972.199 852.306
    }
    rotation=
    {
        0.000 0.000 0.000 0.000 0.000 0.000 0.000
    }
    height=
    {
        0.000 0.000 0.000 0.000 0.000 0.000 0.000
    }
}
47=
{
    position=
    {
        1932.882 885.579 1932.882 885.579 1932.882 885.579 1932.882 885.579 1932.882 885.579 1932.882 885.579 1932.882 885.579
    }
    rotation=
    {
        0.000 0.000 0.000 0.000 0.000 0.000 0.000
    }
    height=
    {
        0.000 0.000 0.000 0.000 0.000 0.000 0.000
    }
}
48=
{
    position=
    {
        2032.479 930.646 2032.479 930.646 2032.479 930.646 2032.479 930.646 2032.479 930.646 2032.479 930.646 2032.479 930.646
    }
    rotation=
    {
        0.000 0.000 0.000 0.000 0.000 0.000 0.000
    }
    height=
    {
        0.000 0.000 0.000 0.000 0.000 0.000 0.000
    }
}
49=
{
    position=
    {
        2043.349 923.949 2043.349 923.949 2043.349 923.949 2043.349 923.949 2043.349 923.949 2043.349 923.949 2043.349 923.949
    }
    rotation=
    {
        0.000 0.000 0.000 0.000 0.000 0.000 0.000
    }
    height=
    {
        0.000 0.000 0.000 0.000 0.000 0.000 0.000
    }
}
50=
{
    position=
    {
        2037.869 906.996 2037.869 906.996 2037.869 906.996 2037.869 906.996 2037.869 906.996 2037.869 906.996 2037.869 906.996
    }
    rotation=
    {
        0.000 0.000 0.000 0.000 0.000 0.000 0.000
    }
    height=
    {
        0.000 0.000 0.000 0.000 0.000 0.000 0.000
    }
}
51=
{
    position=
    {
        2017.877 907.769 2017.877 907.769 2017.877 907.769 2017.877 907.769 2017.877 907.769 2017.877 907.769 2017.877 907.769
    }
    rotation=
    {
        0.000 0.000 0.000 0.000 0.000 0.000 0.000
    }
    height=
    {
        0.000 0.000 0.000 0.000 0.000 0.000 0.000
    }
}
52=
{
    position=
    {
        2054.989 890.481 2054.989 890.481 2054.989 890.481 2054.989 890.481 2054.989 890.481 2054.989 890.481 2054.989 890.481
    }
    rotation=
    {
        0.000 0.000 0.000 0.000 0.000 0.000 0.000
    }
    height=
    {
        0.000 0.000 0.000 0.000 0.000 0.000 0.000
    }
}
53=
{
    position=
    {
        2073.168 864.211 2073.168 864.211 2073.168 864.211 2073.168 864.211 2073.168 864.211 2073.168 864.211 2073.168 864.211
    }
    rotation=
    {
        0.000 0.000 0.000 0.000 0.000 0.000 0.000
    }
    height=
    {
        0.000 0.000 0.000 0.000 0.000 0.000 0.000
    }
}
54=
{
    position=
    {
        2064.874 836.720 2064.874 836.720 2064.874 836.720 2064.874 836.720 2064.874 836.720 2064.874 836.720 2064.874 836.720
    }
    rotation=
    {
        0.000 0.000 0.000 0.000 0.000 0.000 0.000
    }
    height=
    {
        0.000 0.000 0.000 0.000 0.000 0.000 0.000
    }
}
55=
{
    position=
    {
        2036.100 881.913 2036.100 881.913 2036.100 881.913 2036.100 881.913 2036.100 881.913 2036.100 881.913 2036.100 881.913
    }
    rotation=
    {
        0.000 0.000 0.000 0.000 0.000 0.000 0.000
    }
    height=
    {
        0.000 0.000 0.000 0.000 0.000 0.000 0.000
    }
}
56=
{
    position=
    {
        2054.304 877.012 2054.304 877.012 2054.304 877.012 2054.304 877.012 2054.304 877.012 2054.304 877.012 2054.304 877.012
    }
    rotation=
    {
        0.000 0.000 0.000 0.000 0.000 0.000 0.000
    }
    height=
    {
        0.000 0.000 0.000 0.000 0.000 0.000 0.000
    }
}
57=
{
    position=
    {
        2064.545 857.903 2064.545 857.903 2064.545 857.903 2064.545 857.903 2064.545 857.903 2064.545 857.903 2064.545 857.903
    }
    rotation=
    {
        0.000 0.000 0.000 0.000 0.000 0.000 0.000
    }
    height=
    {
        0.000 0.000 0.000 0.000 0.000 0.000 0.000
    }
}
58=
{
    position=
    {
        1979.877 819.162 1979.877 819.162 1979.877 819.162 1979.877 819.162 1979.877 819.162 1979.877 819.162 1979.877 819.162
    }
    rotation=
    {
        0.000 0.000 0.000 0.000 0.000 0.000 0.000
    }
    height=
    {
        0.000 0.000 0.000 0.000 0.000 0.000 0.000
    }
}
59=
{
    position=
    {
        1968.273 802.930 1968.273 802.930 1968.273 802.930 1968.273 802.930 1968.273 802.930 1968.273 802.930 1968.273 802.930
    }
    rotation=
    {
        0.000 0.000 0.000 0.000 0.000 0.000 0.000
    }
    height=
    {
        0.000 0.000 0.000 0.000 0.000 0.000 0.000
    }
}
60=
{
    position=
    {
        1958.814 783.700 1958.814 783.700 1958.814 783.700 1958.814 783.700 1958.814 783.700 1958.814 783.700 1958.814 783.700
    }
    rotation=
    {
        0.000 0.000 0.000 0.000 0.000 0.000 0.000
    }
    height=
    {
        0.000 0.000 0.000 0.000 0.000 0.000 0.000
    }
}
61=
{
    position=
    {
        1947.297 791.487 1947.297 791.487 1947.297 791.487 1947.297 791.487 1947.297 791.487 1947.297 791.487 1947.297 791.487
    }
    rotation=
    {
        0.000 0.000 0.000 0.000 0.000 0.000 0.000
    }
    height=
    {
        0.000 0.000 0.000 0.000 0.000 0.000 0.000
    }
}
62=
{
    position=
    {
        1946.327 808.580 1946.327 808.580 1946.327 808.580 1946.327 808.580 1946.327 808.580 1946.327 808.580 1946.327 808.580
    }
    rotation=
    {
        0.000 0.000 0.000 0.000 0.000 0.000 0.000
    }
    height=
    {
        0.000 0.000 0.000 0.000 0.000 0.000 0.000
    }
}
63=
{
    position=
    {
        1943.829 775.079 1943.829 775.079 1943.829 775.079 1943.829 775.079 1943.829 775.079 1943.829 775.079 1943.829 775.079
    }
    rotation=
    {
        0.000 0.000 0.000 0.000 0.000 0.000 0.000
    }
    height=
    {
        0.000 0.000 0.000 0.000 0.000 0.000 0.000
    }
}
64=
{
    position=
    {
        1933.234 793.112 1933.234 793.112 1933.234 793.112 1933.234 793.112 1933.234 793.112 1933.234 793.112 1933.234 793.112
    }
    rotation=
    {
        0.000 0.000 0.000 0.000 0.000 0.000 0.000
    }
    height=
    {
        0.000 0.000 0.000 0.000 0.000 0.000 0.000
    }
}
65=
{
    position=
    {
        1928.762 783.457 1928.762 783.457 1928.762 783.457 1928.762 783.457 1928.762 783.457 1928.762 783.457 1928.762 783.457
    }
    rotation=
    {
        0.000 0.000 0.000 0.000 0.000 0.000 0.000
    }
    height=
    {
        0.000 0.000 0.000 0.000 0.000 0.000 0.000
    }
}
66=
{
    position=
    {
        1917.006 783.425 1917.006 783.425 1917.006 783.425 1917.006 783.425 1917.006 783.425 1917.006 783.425 1917.006 783.425
    }
    rotation=
    {
        0.000 0.000 0.000 0.000 0.000 0.000 0.000
    }
    height=
    {
        0.000 0.000 0.000 0.000 0.000 0.000 0.000
    }
}
67=
{
    position=
    {
        1912.389 776.274 1912.389 776.274 1912.389 776.274 1912.389 776.274 1912.389 776.274 1912.389 776.274 1912.389 776.274
    }
    rotation=
    {
        0.000 0.000 0.000 0.000 0.000 0.000 0.000
    }
    height=
    {
        0.000 0.000 0.000 0.000 0.000 0.000 0.000
    }
}
68=
{
    position=
    {
        2027.057 765.381 2027.057 765.381 2027.057 765.381 2027.057 765.381 2027.057 765.381 2027.057 765.381 2027.057 765.381
    }
    rotation=
    {
        0.000 0.000 0.000 0.000 0.000 0.000 0.000
    }
    height=
    {
        0.000 0.000 0.000 0.000 0.000 0.000 0.000
    }
}
69=
{
    position=
    {
        1956.464 767.841 1956.464 767.841 1956.464 767.841 1956.464 767.841 1956.464 767.841 1956.464 767.841 1956.464 767.841
    }
    rotation=
    {
        0.000 0.000 0.000 0.000 0.000 0.000 0.000
    }
    height=
    {
        0.000 0.000 0.000 0.000 0.000 0.000 0.000
    }
}
70=
{
    position=
    {
        1991.976 757.821 1991.976 757.821 1991.976 757.821 1991.976 757.821 1991.976 757.821 1991.976 757.821 1991.976 757.821
    }
    rotation=
    {
        0.000 0.000 0.000 0.000 0.000 0.000 0.000
    }
    height=
    {
        0.000 0.000 0.000 0.000 0.000 0.000 0.000
    }
}
71=
{
    position=
    {
        1930.481 757.918 1930.481 757.918 1930.481 757.918 1930.481 757.918 1930.481 757.918 1930.481 757.918 1930.481 757.918
    }
    rotation=
    {
        0.000 0.000 0.000 0.000 0.000 0.000 0.000
    }
    height=
    {
        0.000 0.000 0.000 0.000 0.000 0.000 0.000
    }
}
72=
{
    position=
    {
        1905.019 768.376 1905.019 768.376 1905.019 768.376 1905.019 768.376 1905.019 768.376 1905.019 768.376 1905.019 768.376
    }
    rotation=
    {
        0.000 0.000 0.000 0.000 0.000 0.000 0.000
    }
    height=
    {
        0.000 0.000 0.000 0.000 0.000 0.000 0.000
    }
}
73=
{
    position=
    {
        1901.496 749.354 1901.496 749.354 1901.496 749.354 1901.496 749.354 1901.496 749.354 1901.496 749.354 1901.496 749.354
    }
    rotation=
    {
        0.000 0.000 0.000 0.000 0.000 0.000 0.000
    }
    height=
    {
        0.000 0.000 0.000 0.000 0.000 0.000 0.000
    }
}
74=
{
    position=
    {
        1884.521 756.751 1884.521 756.751 1884.521 756.751 1884.521 756.751 1884.521 756.751 1884.521 756.751 1884.521 756.751
    }
    rotation=
    {
        0.000 0.000 0.000 0.000 0.000 0.000 0.000
    }
    height=
    {
        0.000 0.000 0.000 0.000 0.000 0.000 0.000
    }
}
75=
{
    position=
    {
        1972.992 739.194 1972.992 739.194 1972.992 739.194 1972.992 739.194 1972.992 739.194 1972.992 739.194 1972.992 739.194
    }
    rotation=
    {
        0.000 0.000 0.000 0.000 0.000 0.000 0.000
    }
    height=
    {
        0.000 0.000 0.000 0.000 0.000 0.000 0.000
    }
}
76=
{
    position=
    {
        1881.744 737.109 1881.744 737.109 1881.744 737.109 1881.744 737.109 1881.744 737.109 1881.744 737.109 1881.744 737.109
    }
    rotation=
    {
        0.000 0.000 0.000 0.000 0.000 0.000 0.000
    }
    height=
    {
        0.000 0.000 0.000 0.000 0.000 0.000 0.000
    }
}
77=
{
    position=
    {
        1858.467 744.157 1858.467 744.157 1858.467 744.157 1858.467 744.157 1858.467 744.157 1858.467 744.157 1858.467 744.157
    }
    rotation=
    {
        0.000 0.000 0.000 0.000 0.000 0.000 0.000
    }
    height=
    {
        0.000 0.000 0.000 0.000 0.000 0.000 0.000
    }
}
78=
{
    position=
    {
        2083.099 839.840 2083.099 839.840 2083.099 839.840 2083.099 839.840 2083.099 839.840 2083.099 839.840 2083.099 839.840
    }
    rotation=
    {
        0.000 0.000 0.000 0.000 0.000 0.000 0.000
    }
    height=
    {
        0.000 0.000 0.000 0.000 0.000 0.000 0.000
    }
}
79=
{
    position=
    {
        2084.501 823.893 2084.501 823.893 2084.501 823.893 2084.501 823.893 2084.501 823.893 2084.501 823.893 2084.501 823.893
    }
    rotation=
    {
        0.000 0.000 0.000 0.000 0.000 0.000 0.000
    }
    height=
    {
        0.000 0.000 0.000 0.000 0.000 0.000 0.000
    }
}
80=
{
    position=
    {
        2064.349 817.151 2064.349 817.151 2064.349 817.151 2064.349 817.151 2064.349 817.151 2064.349 817.151 2064.349 817.151
    }
    rotation=
    {
        0.000 0.000 0.000 0.000 0.000 0.000 0.000
    }
    height=
    {
        0.000 0.000 0.000 0.000 0.000 0.000 0.000
    }
}
81=
{
    position=
    {
        2051.308 805.439 2051.308 805.439 2051.308 805.439 2051.308 805.439 2051.308 805.439 2051.308 805.439 2051.308 805.439
    }
    rotation=
    {
        0.000 0.000 0.000 0.000 0.000 0.000 0.000
    }
    height=
    {
        0.000 0.000 0.000 0.000 0.000 0.000 0.000
    }
}
82=
{
    position=
    {
        2034.567 801.085 2034.567 801.085 2034.567 801.085 2034.567 801.085 2034.567 801.085 2034.567 801.085 2034.567 801.085
    }
    rotation=
    {
        0.000 0.000 0.000 0.000 0.000 0.000 0.000
    }
    height=
    {
        0.000 0.000 0.000 0.000 0.000 0.000 0.000
    }
}
83=
{
    position=
    {
        2009.350 810.788 2009.350 810.788 2009.350 810.788 2009.350 810.788 2009.350 810.788 2009.350 810.788 2009.350 810.788
    }
    rotation=
    {
        0.000 0.000 0.000 0.000 0.000 0.000 0.000
    }
    height=
    {
        0.000 0.000 0.000 0.000 0.000 0.000 0.000
    }
}
84=
{
    position=
    {
        2013.100 796.335 2013.100 796.335 2013.100 796.335 2013.100 796.335 2013.100 796.335 2013.100 796.335 2013.100 796.335
    }
    rotation=
    {
        0.000 0.000 0.000 0.000 0.000 0.000 0.000
    }
    height=
    {
        0.000 0.000 0.000 0.000 0.000 0.000 0.000
    }
}
85=
{
    position=
    {
        1991.599 798.928 1991.599 798.928 1991.599 798.928 1991.599 798.928 1991.599 798.928 1991.599 798.928 1991.599 798.928
    }
    rotation=
    {
        0.000 0.000 0.000 0.000 0.000 0.000 0.000
    }
    height=
    {
        0.000 0.000 0.000 0.000 0.000 0.000 0.000
    }
}
86=
{
    position=
    {
        1979.685 787.609 1979.685 787.609 1979.685 787.609 1979.685 787.609 1979.685 787.609 1979.685 787.609 1979.685 787.609
    }
    rotation=
    {
        0.000 0.000 0.000 0.000 0.000 0.000 0.000
    }
    height=
    {
        0.000 0.000 0.000 0.000 0.000 0.000 0.000
    }
}
87=
{
    position=
    {
        2003.571 780.898 2003.571 780.898 2003.571 780.898 2003.571 780.898 2003.571 780.898 2003.571 780.898 2003.571 780.898
    }
    rotation=
    {
        0.000 0.000 0.000 0.000 0.000 0.000 0.000
    }
    height=
    {
        0.000 0.000 0.000 0.000 0.000 0.000 0.000
    }
}
88=
{
    position=
    {
        1982.314 772.835 1982.314 772.835 1982.314 772.835 1982.314 772.835 1982.314 772.835 1982.314 772.835 1982.314 772.835
    }
    rotation=
    {
        0.000 0.000 0.000 0.000 0.000 0.000 0.000
    }
    height=
    {
        0.000 0.000 0.000 0.000 0.000 0.000 0.000
    }
}
89=
{
    position=
    {
        2278.453 903.979 2278.453 903.979 2278.453 903.979 2278.453 903.979 2278.453 903.979 2278.453 903.979 2278.453 903.979
    }
    rotation=
    {
        0.000 0.000 0.000 0.000 0.000 0.000 0.000
    }
    height=
    {
        0.000 0.000 0.000 0.000 0.000 0.000 0.000
    }
}
90=
{
    position=
    {
        2283.383 917.245 2283.383 917.245 2283.383 917.245 2283.383 917.245 2283.383 917.245 2283.383 917.245 2283.383 917.245
    }
    rotation=
    {
        0.000 0.000 0.000 0.000 0.000 0.000 0.000
    }
    height=
    {
        0.000 0.000 0.000 0.000 0.000 0.000 0.000
    }
}
203=
{
    position=
    {
        2266.335 897.994 2266.335 897.994 2266.335 897.994 2266.335 897.994 2266.335 897.994 2266.335 897.994 2266.335 897.994
    }
    rotation=
    {
        0.000 0.000 0.000 0.000 0.000 0.000 0.000
    }
    height=
    {
        0.000 0.000 0.000 0.000 0.000 0.000 0.000
    }
}
204=
{
    position=
    {
        2253.749 912.141 2253.749 912.141 2253.749 912.141 2253.749 912.141 2253.749 912.141 2253.749 912.141 2253.749 912.141
    }
    rotation=
    {
        0.000 0.000 0.000 0.000 0.000 0.000 0.000
    }
    height=
    {
        0.000 0.000 0.000 0.000 0.000 0.000 0.000
    }
}
205=
{
    position=
    {
        1387.142 680.707 1387.142 680.707 1387.142 680.707 1387.142 680.707 1387.142 680.707 1387.142 680.707 1387.142 680.707
    }
    rotation=
    {
        0.000 0.000 0.000 0.000 0.000 0.000 0.000
    }
    height=
    {
        0.000 0.000 0.000 0.000 0.000 0.000 0.000
    }
}
206=
{
    position=
    {
        1405.643 652.837 1405.643 652.837 1405.643 652.837 1405.643 652.837 1405.643 652.837 1405.643 652.837 1405.643 652.837
    }
    rotation=
    {
        0.000 0.000 0.000 0.000 0.000 0.000 0.000
    }
    height=
    {
        0.000 0.000 0.000 0.000 0.000 0.000 0.000
    }
}
207=
{
    position=
    {
        1361.529 698.828 1361.529 698.828 1361.529 698.828 1361.529 698.828 1361.529 698.828 1361.529 698.828 1361.529 698.828
    }
    rotation=
    {
        0.000 0.000 0.000 0.000 0.000 0.000 0.000
    }
    height=
    {
        0.000 0.000 0.000 0.000 0.000 0.000 0.000
    }
}
208=
{
    position=
    {
        1359.131 834.196 1359.131 834.196 1359.131 834.196 1359.131 834.196 1359.131 834.196 1359.131 834.196 1359.131 834.196
    }
    rotation=
    {
        0.000 0.000 0.000 0.000 0.000 0.000 0.000
    }
    height=
    {
        0.000 0.000 0.000 0.000 0.000 0.000 0.000
    }
}
209=
{
    position=
    {
        1363.205 815.935 1363.205 815.935 1363.205 815.935 1363.205 815.935 1363.205 815.935 1363.205 815.935 1363.205 815.935
    }
    rotation=
    {
        0.000 0.000 0.000 0.000 0.000 0.000 0.000
    }
    height=
    {
        0.000 0.000 0.000 0.000 0.000 0.000 0.000
    }
}
210=
{
    position=
    {
        1355.326 806.098 1355.326 806.098 1355.326 806.098 1355.326 806.098 1355.326 806.098 1355.326 806.098 1355.326 806.098
    }
    rotation=
    {
        0.000 0.000 0.000 0.000 0.000 0.000 0.000
    }
    height=
    {
        0.000 0.000 0.000 0.000 0.000 0.000 0.000
    }
}
211=
{
    position=
    {
        1364.551 785.997 1364.551 785.997 1364.551 785.997 1364.551 785.997 1364.551 785.997 1364.551 785.997 1364.551 785.997
    }
    rotation=
    {
        0.000 0.000 0.000 0.000 0.000 0.000 0.000
    }
    height=
    {
        0.000 0.000 0.000 0.000 0.000 0.000 0.000
    }
}
212=
{
    position=
    {
        1359.376 770.846 1359.376 770.846 1359.376 770.846 1359.376 770.846 1359.376 770.846 1359.376 770.846 1359.376 770.846
    }
    rotation=
    {
        0.000 0.000 0.000 0.000 0.000 0.000 0.000
    }
    height=
    {
        0.000 0.000 0.000 0.000 0.000 0.000 0.000
    }
}
213=
{
    position=
    {
        1362.843 744.731 1362.843 744.731 1362.843 744.731 1362.843 744.731 1362.843 744.731 1362.843 744.731 1362.843 744.731
    }
    rotation=
    {
        0.000 0.000 0.000 0.000 0.000 0.000 0.000
    }
    height=
    {
        0.000 0.000 0.000 0.000 0.000 0.000 0.000
    }
}
214=
{
    position=
    {
        1373.036 728.933 1373.036 728.933 1373.036 728.933 1373.036 728.933 1373.036 728.933 1373.036 728.933 1373.036 728.933
    }
    rotation=
    {
        0.000 0.000 0.000 0.000 0.000 0.000 0.000
    }
    height=
    {
        0.000 0.000 0.000 0.000 0.000 0.000 0.000
    }
}
215=
{
    position=
    {
        1340.500 840.857 1340.500 840.857 1340.500 840.857 1340.500 840.857 1340.500 840.857 1340.500 840.857 1340.500 840.857
    }
    rotation=
    {
        0.000 0.000 0.000 0.000 0.000 0.000 0.000
    }
    height=
    {
        0.000 0.000 0.000 0.000 0.000 0.000 0.000
    }
}
216=
{
    position=
    {
        1346.904 825.327 1346.904 825.327 1346.904 825.327 1346.904 825.327 1346.904 825.327 1346.904 825.327 1346.904 825.327
    }
    rotation=
    {
        0.000 0.000 0.000 0.000 0.000 0.000 0.000
    }
    height=
    {
        0.000 0.000 0.000 0.000 0.000 0.000 0.000
    }
}
217=
{
    position=
    {
        1339.000 812.100 1339.000 812.100 1339.000 812.100 1339.000 812.100 1339.000 812.100 1339.000 812.100 1339.000 812.100
    }
    rotation=
    {
        0.000 0.000 0.000 0.000 0.000 0.000 0.000
    }
    height=
    {
        0.000 0.000 0.000 0.000 0.000 0.000 0.000
    }
}
218=
{
    position=
    {
        1326.509 842.006 1326.509 842.006 1326.509 842.006 1326.509 842.006 1326.509 842.006 1326.509 842.006 1326.509 842.006
    }
    rotation=
    {
        0.000 0.000 0.000 0.000 0.000 0.000 0.000
    }
    height=
    {
        0.000 0.000 0.000 0.000 0.000 0.000 0.000
    }
}
219=
{
    position=
    {
        1332.728 831.301 1332.728 831.301 1332.728 831.301 1332.728 831.301 1332.728 831.301 1332.728 831.301 1332.728 831.301
    }
    rotation=
    {
        0.000 0.000 0.000 0.000 0.000 0.000 0.000
    }
    height=
    {
        0.000 0.000 0.000 0.000 0.000 0.000 0.000
    }
}
220=
{
    position=
    {
        1323.036 821.156 1323.036 821.156 1323.036 821.156 1323.036 821.156 1323.036 821.156 1323.036 821.156 1323.036 821.156
    }
    rotation=
    {
        0.000 0.000 0.000 0.000 0.000 0.000 0.000
    }
    height=
    {
        0.000 0.000 0.000 0.000 0.000 0.000 0.000
    }
}
221=
{
    position=
    {
        1336.501 792.186 1336.501 792.186 1336.501 792.186 1336.501 792.186 1336.501 792.186 1336.501 792.186 1336.501 792.186
    }
    rotation=
    {
        0.000 0.000 0.000 0.000 0.000 0.000 0.000
    }
    height=
    {
        0.000 0.000 0.000 0.000 0.000 0.000 0.000
    }
}
222=
{
    position=
    {
        1313.807 845.271 1313.807 845.271 1313.807 845.271 1313.807 845.271 1313.807 845.271 1313.807 845.271 1313.807 845.271
    }
    rotation=
    {
        0.000 0.000 0.000 0.000 0.000 0.000 0.000
    }
    height=
    {
        0.000 0.000 0.000 0.000 0.000 0.000 0.000
    }
}
223=
{
    position=
    {
        1304.686 841.203 1304.686 841.203 1304.686 841.203 1304.686 841.203 1304.686 841.203 1304.686 841.203 1304.686 841.203
    }
    rotation=
    {
        0.000 0.000 0.000 0.000 0.000 0.000 0.000
    }
    height=
    {
        0.000 0.000 0.000 0.000 0.000 0.000 0.000
    }
}
224=
{
    position=
    {
        1295.168 853.876 1295.168 853.876 1295.168 853.876 1295.168 853.876 1295.168 853.876 1295.168 853.876 1295.168 853.876
    }
    rotation=
    {
        0.000 0.000 0.000 0.000 0.000 0.000 0.000
    }
    height=
    {
        0.000 0.000 0.000 0.000 0.000 0.000 0.000
    }
}
225=
{
    position=
    {
        1305.947 827.546 1305.947 827.546 1305.947 827.546 1305.947 827.546 1305.947 827.546 1305.947 827.546 1305.947 827.546
    }
    rotation=
    {
        0.000 0.000 0.000 0.000 0.000 0.000 0.000
    }
    height=
    {
        0.000 0.000 0.000 0.000 0.000 0.000 0.000
    }
}
226=
{
    position=
    {
        1305.074 808.444 1305.074 808.444 1305.074 808.444 1305.074 808.444 1305.074 808.444 1305.074 808.444 1305.074 808.444
    }
    rotation=
    {
        0.000 0.000 0.000 0.000 0.000 0.000 0.000
    }
    height=
    {
        0.000 0.000 0.000 0.000 0.000 0.000 0.000
    }
}
227=
{
    position=
    {
        1285.285 859.028 1285.285 859.028 1285.285 859.028 1285.285 859.028 1285.285 859.028 1285.285 859.028 1285.285 859.028
    }
    rotation=
    {
        0.000 0.000 0.000 0.000 0.000 0.000 0.000
    }
    height=
    {
        0.000 0.000 0.000 0.000 0.000 0.000 0.000
    }
}
228=
{
    position=
    {
        1288.475 841.714 1288.475 841.714 1288.475 841.714 1288.475 841.714 1288.475 841.714 1288.475 841.714 1288.475 841.714
    }
    rotation=
    {
        0.000 0.000 0.000 0.000 0.000 0.000 0.000
    }
    height=
    {
        0.000 0.000 0.000 0.000 0.000 0.000 0.000
    }
}
229=
{
    position=
    {
        1291.089 825.979 1291.089 825.979 1291.089 825.979 1291.089 825.979 1291.089 825.979 1291.089 825.979 1291.089 825.979
    }
    rotation=
    {
        0.000 0.000 0.000 0.000 0.000 0.000 0.000
    }
    height=
    {
        0.000 0.000 0.000 0.000 0.000 0.000 0.000
    }
}
230=
{
    position=
    {
        1278.862 867.487 1278.862 867.487 1278.862 867.487 1278.862 867.487 1278.862 867.487 1278.862 867.487 1278.862 867.487
    }
    rotation=
    {
        0.000 0.000 0.000 0.000 0.000 0.000 0.000
    }
    height=
    {
        0.000 0.000 0.000 0.000 0.000 0.000 0.000
    }
}
231=
{
    position=
    {
        1277.778 851.516 1277.778 851.516 1277.778 851.516 1277.778 851.516 1277.778 851.516 1277.778 851.516 1277.778 851.516
    }
    rotation=
    {
        0.000 0.000 0.000 0.000 0.000 0.000 0.000
    }
    height=
    {
        0.000 0.000 0.000 0.000 0.000 0.000 0.000
    }
}
232=
{
    position=
    {
        1274.228 837.390 1274.228 837.390 1274.228 837.390 1274.228 837.390 1274.228 837.390 1274.228 837.390 1274.228 837.390
    }
    rotation=
    {
        0.000 0.000 0.000 0.000 0.000 0.000 0.000
    }
    height=
    {
        0.000 0.000 0.000 0.000 0.000 0.000 0.000
    }
}
233=
{
    position=
    {
        1267.197 844.434 1267.197 844.434 1267.197 844.434 1267.197 844.434 1267.197 844.434 1267.197 844.434 1267.197 844.434
    }
    rotation=
    {
        0.000 0.000 0.000 0.000 0.000 0.000 0.000
    }
    height=
    {
        0.000 0.000 0.000 0.000 0.000 0.000 0.000
    }
}
234=
{
    position=
    {
        1259.882 835.500 1259.882 835.500 1259.882 835.500 1259.882 835.500 1259.882 835.500 1259.882 835.500 1259.882 835.500
    }
    rotation=
    {
        0.000 0.000 0.000 0.000 0.000 0.000 0.000
    }
    height=
    {
        0.000 0.000 0.000 0.000 0.000 0.000 0.000
    }
}
235=
{
    position=
    {
        1251.638 845.747 1251.638 845.747 1251.638 845.747 1251.638 845.747 1251.638 845.747 1251.638 845.747 1251.638 845.747
    }
    rotation=
    {
        0.000 0.000 0.000 0.000 0.000 0.000 0.000
    }
    height=
    {
        0.000 0.000 0.000 0.000 0.000 0.000 0.000
    }
}
236=
{
    position=
    {
        1238.099 836.246 1238.099 836.246 1238.099 836.246 1238.099 836.246 1238.099 836.246 1238.099 836.246 1238.099 836.246
    }
    rotation=
    {
        0.000 0.000 0.000 0.000 0.000 0.000 0.000
    }
    height=
    {
        0.000 0.000 0.000 0.000 0.000 0.000 0.000
    }
}
237=
{
    position=
    {
        1233.818 851.033 1233.818 851.033 1233.818 851.033 1233.818 851.033 1233.818 851.033 1233.818 851.033 1233.818 851.033
    }
    rotation=
    {
        0.000 0.000 0.000 0.000 0.000 0.000 0.000
    }
    height=
    {
        0.000 0.000 0.000 0.000 0.000 0.000 0.000
    }
}
238=
{
    position=
    {
        1222.855 846.411 1222.855 846.411 1222.855 846.411 1222.855 846.411 1222.855 846.411 1222.855 846.411 1222.855 846.411
    }
    rotation=
    {
        0.000 0.000 0.000 0.000 0.000 0.000 0.000
    }
    height=
    {
        0.000 0.000 0.000 0.000 0.000 0.000 0.000
    }
}
239=
{
    position=
    {
        1210.585 859.773 1210.585 859.773 1210.585 859.773 1210.585 859.773 1210.585 859.773 1210.585 859.773 1210.585 859.773
    }
    rotation=
    {
        0.000 0.000 0.000 0.000 0.000 0.000 0.000
    }
    height=
    {
        0.000 0.000 0.000 0.000 0.000 0.000 0.000
    }
}
240=
{
    position=
    {
        1256.071 863.434 1256.071 863.434 1256.071 863.434 1256.071 863.434 1256.071 863.434 1256.071 863.434 1256.071 863.434
    }
    rotation=
    {
        0.000 0.000 0.000 0.000 0.000 0.000 0.000
    }
    height=
    {
        0.000 0.000 0.000 0.000 0.000 0.000 0.000
    }
}
241=
{
    position=
    {
        1233.126 871.293 1233.126 871.293 1233.126 871.293 1233.126 871.293 1233.126 871.293 1233.126 871.293 1233.126 871.293
    }
    rotation=
    {
        0.000 0.000 0.000 0.000 0.000 0.000 0.000
    }
    height=
    {
        0.000 0.000 0.000 0.000 0.000 0.000 0.000
    }
}
242=
{
    position=
    {
        1240.715 876.734 1240.715 876.734 1240.715 876.734 1240.715 876.734 1240.715 876.734 1240.715 876.734 1240.715 876.734
    }
    rotation=
    {
        0.000 0.000 0.000 0.000 0.000 0.000 0.000
    }
    height=
    {
        0.000 0.000 0.000 0.000 0.000 0.000 0.000
    }
}
243=
{
    position=
    {
        1194.503 873.087 1194.503 873.087 1194.503 873.087 1194.503 873.087 1194.503 873.087 1194.503 873.087 1194.503 873.087
    }
    rotation=
    {
        0.000 0.000 0.000 0.000 0.000 0.000 0.000
    }
    height=
    {
        0.000 0.000 0.000 0.000 0.000 0.000 0.000
    }
}
244=
{
    position=
    {
        1182.658 882.481 1182.658 882.481 1182.658 882.481 1182.658 882.481 1182.658 882.481 1182.658 882.481 1182.658 882.481
    }
    rotation=
    {
        0.000 0.000 0.000 0.000 0.000 0.000 0.000
    }
    height=
    {
        0.000 0.000 0.000 0.000 0.000 0.000 0.000
    }
}
245=
{
    position=
    {
        1207.281 882.149 1207.281 882.149 1207.281 882.149 1207.281 882.149 1207.281 882.149 1207.281 882.149 1207.281 882.149
    }
    rotation=
    {
        0.000 0.000 0.000 0.000 0.000 0.000 0.000
    }
    height=
    {
        0.000 0.000 0.000 0.000 0.000 0.000 0.000
    }
}
246=
{
    position=
    {
        1195.428 892.451 1195.428 892.451 1195.428 892.451 1195.428 892.451 1195.428 892.451 1195.428 892.451 1195.428 892.451
    }
    rotation=
    {
        0.000 0.000 0.000 0.000 0.000 0.000 0.000
    }
    height=
    {
        0.000 0.000 0.000 0.000 0.000 0.000 0.000
    }
}
247=
{
    position=
    {
        1205.429 901.313 1205.429 901.313 1205.429 901.313 1205.429 901.313 1205.429 901.313 1205.429 901.313 1205.429 901.313
    }
    rotation=
    {
        0.000 0.000 0.000 0.000 0.000 0.000 0.000
    }
    height=
    {
        0.000 0.000 0.000 0.000 0.000 0.000 0.000
    }
}
248=
{
    position=
    {
        1193.953 912.919 1193.953 912.919 1193.953 912.919 1193.953 912.919 1193.953 912.919 1193.953 912.919 1193.953 912.919
    }
    rotation=
    {
        0.000 0.000 0.000 0.000 0.000 0.000 0.000
    }
    height=
    {
        0.000 0.000 0.000 0.000 0.000 0.000 0.000
    }
}
249=
{
    position=
    {
        1171.037 856.037 1171.037 856.037 1171.037 856.037 1171.037 856.037 1171.037 856.037 1171.037 856.037 1171.037 856.037
    }
    rotation=
    {
        0.000 0.000 0.000 0.000 0.000 0.000 0.000
    }
    height=
    {
        0.000 0.000 0.000 0.000 0.000 0.000 0.000
    }
}
250=
{
    position=
    {
        1695.662 1302.263 1695.662 1302.263 1695.662 1302.263 1695.662 1302.263 1695.662 1302.263 1695.662 1302.263 1695.662 1302.263
    }
    rotation=
    {
        0.000 0.000 0.000 0.000 0.000 0.000 0.000
    }
    height=
    {
        0.000 0.000 0.000 0.000 0.000 0.000 0.000
    }
}
251=
{
    position=
    {
        1670.513 1319.469 1670.513 1319.469 1670.513 1319.469 1670.513 1319.469 1670.513 1319.469 1670.513 1319.469 1670.513 1319.469
    }
    rotation=
    {
        0.000 0.000 0.000 0.000 0.000 0.000 0.000
    }
    height=
    {
        0.000 0.000 0.000 0.000 0.000 0.000 0.000
    }
}
252=
{
    position=
    {
        1655.708 1296.674 1655.708 1296.674 1655.708 1296.674 1655.708 1296.674 1655.708 1296.674 1655.708 1296.674 1655.708 1296.674
    }
    rotation=
    {
        0.000 0.000 0.000 0.000 0.000 0.000 0.000
    }
    height=
    {
        0.000 0.000 0.000 0.000 0.000 0.000 0.000
    }
}
253=
{
    position=
    {
        1678.253 1284.964 1678.253 1284.964 1678.253 1284.964 1678.253 1284.964 1678.253 1284.964 1678.253 1284.964 1678.253 1284.964
    }
    rotation=
    {
        0.000 0.000 0.000 0.000 0.000 0.000 0.000
    }
    height=
    {
        0.000 0.000 0.000 0.000 0.000 0.000 0.000
    }
}
254=
{
    position=
    {
        1661.156 1268.733 1661.156 1268.733 1661.156 1268.733 1661.156 1268.733 1661.156 1268.733 1661.156 1268.733 1661.156 1268.733
    }
    rotation=
    {
        0.000 0.000 0.000 0.000 0.000 0.000 0.000
    }
    height=
    {
        0.000 0.000 0.000 0.000 0.000 0.000 0.000
    }
}
255=
{
    position=
    {
        1638.641 1223.903 1638.641 1223.903 1638.641 1223.903 1638.641 1223.903 1638.641 1223.903 1638.641 1223.903 1638.641 1223.903
    }
    rotation=
    {
        0.000 0.000 0.000 0.000 0.000 0.000 0.000
    }
    height=
    {
        0.000 0.000 0.000 0.000 0.000 0.000 0.000
    }
}
256=
{
    position=
    {
        1631.973 1215.373 1631.973 1215.373 1631.973 1215.373 1631.973 1215.373 1631.973 1215.373 1631.973 1215.373 1631.973 1215.373
    }
    rotation=
    {
        0.000 0.000 0.000 0.000 0.000 0.000 0.000
    }
    height=
    {
        0.000 0.000 0.000 0.000 0.000 0.000 0.000
    }
}
257=
{
    position=
    {
        1626.829 1225.211 1626.829 1225.211 1626.829 1225.211 1626.829 1225.211 1626.829 1225.211 1626.829 1225.211 1626.829 1225.211
    }
    rotation=
    {
        0.000 0.000 0.000 0.000 0.000 0.000 0.000
    }
    height=
    {
        0.000 0.000 0.000 0.000 0.000 0.000 0.000
    }
}
258=
{
    position=
    {
        1621.742 1215.303 1621.742 1215.303 1621.742 1215.303 1621.742 1215.303 1621.742 1215.303 1621.742 1215.303 1621.742 1215.303
    }
    rotation=
    {
        0.000 0.000 0.000 0.000 0.000 0.000 0.000
    }
    height=
    {
        0.000 0.000 0.000 0.000 0.000 0.000 0.000
    }
}
259=
{
    position=
    {
        1612.570 1211.158 1612.570 1211.158 1612.570 1211.158 1612.570 1211.158 1612.570 1211.158 1612.570 1211.158 1612.570 1211.158
    }
    rotation=
    {
        0.000 0.000 0.000 0.000 0.000 0.000 0.000
    }
    height=
    {
        0.000 0.000 0.000 0.000 0.000 0.000 0.000
    }
}
260=
{
    position=
    {
        1611.692 1234.923 1611.692 1234.923 1611.692 1234.923 1611.692 1234.923 1611.692 1234.923 1611.692 1234.923 1611.692 1234.923
    }
    rotation=
    {
        0.000 0.000 0.000 0.000 0.000 0.000 0.000
    }
    height=
    {
        0.000 0.000 0.000 0.000 0.000 0.000 0.000
    }
}
261=
{
    position=
    {
        1593.927 1215.990 1593.927 1215.990 1593.927 1215.990 1593.927 1215.990 1593.927 1215.990 1593.927 1215.990 1593.927 1215.990
    }
    rotation=
    {
        0.000 0.000 0.000 0.000 0.000 0.000 0.000
    }
    height=
    {
        0.000 0.000 0.000 0.000 0.000 0.000 0.000
    }
}
262=
{
    position=
    {
        1589.542 1195.963 1589.542 1195.963 1589.542 1195.963 1589.542 1195.963 1589.542 1195.963 1589.542 1195.963 1589.542 1195.963
    }
    rotation=
    {
        0.000 0.000 0.000 0.000 0.000 0.000 0.000
    }
    height=
    {
        0.000 0.000 0.000 0.000 0.000 0.000 0.000
    }
}
263=
{
    position=
    {
        1540.159 1170.917 1540.159 1170.917 1540.159 1170.917 1540.159 1170.917 1540.159 1170.917 1540.159 1170.917 1540.159 1170.917
    }
    rotation=
    {
        0.000 0.000 0.000 0.000 0.000 0.000 0.000
    }
    height=
    {
        0.000 0.000 0.000 0.000 0.000 0.000 0.000
    }
}
264=
{
    position=
    {
        1543.768 1182.518 1543.768 1182.518 1543.768 1182.518 1543.768 1182.518 1543.768 1182.518 1543.768 1182.518 1543.768 1182.518
    }
    rotation=
    {
        0.000 0.000 0.000 0.000 0.000 0.000 0.000
    }
    height=
    {
        0.000 0.000 0.000 0.000 0.000 0.000 0.000
    }
}
265=
{
    position=
    {
        1533.922 1178.333 1533.922 1178.333 1533.922 1178.333 1533.922 1178.333 1533.922 1178.333 1533.922 1178.333 1533.922 1178.333
    }
    rotation=
    {
        0.000 0.000 0.000 0.000 0.000 0.000 0.000
    }
    height=
    {
        0.000 0.000 0.000 0.000 0.000 0.000 0.000
    }
}
266=
{
    position=
    {
        1528.759 1171.667 1528.759 1171.667 1528.759 1171.667 1528.759 1171.667 1528.759 1171.667 1528.759 1171.667 1528.759 1171.667
    }
    rotation=
    {
        0.000 0.000 0.000 0.000 0.000 0.000 0.000
    }
    height=
    {
        0.000 0.000 0.000 0.000 0.000 0.000 0.000
    }
}
267=
{
    position=
    {
        1458.088 1135.176 1458.088 1135.176 1458.088 1135.176 1458.088 1135.176 1458.088 1135.176 1458.088 1135.176 1458.088 1135.176
    }
    rotation=
    {
        0.000 0.000 0.000 0.000 0.000 0.000 0.000
    }
    height=
    {
        0.000 0.000 0.000 0.000 0.000 0.000 0.000
    }
}
268=
{
    position=
    {
        1446.988 1137.619 1446.988 1137.619 1446.988 1137.619 1446.988 1137.619 1446.988 1137.619 1446.988 1137.619 1446.988 1137.619
    }
    rotation=
    {
        0.000 0.000 0.000 0.000 0.000 0.000 0.000
    }
    height=
    {
        0.000 0.000 0.000 0.000 0.000 0.000 0.000
    }
}
269=
{
    position=
    {
        1453.315 1128.022 1453.315 1128.022 1453.315 1128.022 1453.315 1128.022 1453.315 1128.022 1453.315 1128.022 1453.315 1128.022
    }
    rotation=
    {
        0.000 0.000 0.000 0.000 0.000 0.000 0.000
    }
    height=
    {
        0.000 0.000 0.000 0.000 0.000 0.000 0.000
    }
}
270=
{
    position=
    {
        1416.062 1146.312 1416.062 1146.312 1416.062 1146.312 1416.062 1146.312 1416.062 1146.312 1416.062 1146.312 1416.062 1146.312
    }
    rotation=
    {
        0.000 0.000 0.000 0.000 0.000 0.000 0.000
    }
    height=
    {
        0.000 0.000 0.000 0.000 0.000 0.000 0.000
    }
}
271=
{
    position=
    {
        1426.274 673.058 1426.274 673.058 1426.274 673.058 1426.274 673.058 1426.274 673.058 1426.274 673.058 1426.274 673.058
    }
    rotation=
    {
        0.000 0.000 0.000 0.000 0.000 0.000 0.000
    }
    height=
    {
        0.000 0.000 0.000 0.000 0.000 0.000 0.000
    }
}
272=
{
    position=
    {
        1381.067 753.529 1381.067 753.529 1381.067 753.529 1381.067 753.529 1381.067 753.529 1381.067 753.529 1381.067 753.529
    }
    rotation=
    {
        0.000 0.000 0.000 0.000 0.000 0.000 0.000
    }
    height=
    {
        0.000 0.000 0.000 0.000 0.000 0.000 0.000
    }
}
273=
{
    position=
    {
        1160.171 995.581 1160.171 995.581 1160.171 995.581 1160.171 995.581 1160.171 995.581 1160.171 995.581 1160.171 995.581
    }
    rotation=
    {
        0.000 0.000 0.000 0.000 0.000 0.000 0.000
    }
    height=
    {
        0.000 0.000 0.000 0.000 0.000 0.000 0.000
    }
}
274=
{
    position=
    {
        2272.831 919.014 2272.831 919.014 2272.831 919.014 2272.831 919.014 2272.831 919.014 2272.831 919.014 2272.831 919.014
    }
    rotation=
    {
        0.000 0.000 0.000 0.000 0.000 0.000 0.000
    }
    height=
    {
        0.000 0.000 0.000 0.000 0.000 0.000 0.000
    }
}
1000=
{
    position=
    {
        1989.215 830.675 1989.215 830.675 1989.215 830.675 1989.215 830.675 1989.215 830.675 1989.215 830.675 1989.215 830.675
    }
    rotation=
    {
        0.000 0.000 0.000 0.000 0.000 0.000 0.000
    }
    height=
    {
        0.000 0.000 0.000 0.000 0.000 0.000 0.000
    }
}
1250=
{
    position=
    {
        2463.500 255.500 2463.500 255.500 2463.500 255.500 2463.500 255.500 2463.500 255.500 2463.500 255.500 2463.500 255.500
    }
    rotation=
    {
        0.000 0.000 0.000 0.000 0.000 0.000 0.000
    }
    height=
    {
        0.000 0.000 0.000 0.000 0.000 0.000 0.000
    }
}
1251=
{
    position=
    {
        3167.500 255.500 3167.500 255.500 3167.500 255.500 3167.500 255.500 3167.500 255.500 3167.500 255.500 3167.500 255.500
    }
    rotation=
    {
        0.000 0.000 0.000 0.000 0.000 0.000 0.000
    }
    height=
    {
        0.000 0.000 0.000 0.000 0.000 0.000 0.000
    }
}
1252=
{
    position=
    {
        351.500 255.500 351.500 255.500 351.500 255.500 351.500 255.500 351.500 255.500 351.500 255.500 351.500 255.500
    }
    rotation=
    {
        0.000 0.000 0.000 0.000 0.000 0.000 0.000
    }
    height=
    {
        0.000 0.000 0.000 0.000 0.000 0.000 0.000
    }
}
1253=
{
    position=
    {
        5279.500 767.500 5279.500 767.500 5279.500 767.500 5279.500 767.500 5279.500 767.500 5279.500 767.500 5279.500 767.500
    }
    rotation=
    {
        0.000 0.000 0.000 0.000 0.000 0.000 0.000
    }
    height=
    {
        0.000 0.000 0.000 0.000 0.000 0.000 0.000
    }
}
1254=
{
    position=
    {
        352.872 1791.000 352.872 1791.000 352.872 1791.000 352.872 1791.000 352.872 1791.000 352.872 1791.000 352.872 1791.000
    }
    rotation=
    {
        0.000 0.000 0.000 0.000 0.000 0.000 0.000
    }
    height=
    {
        0.000 0.000 0.000 0.000 0.000 0.000 0.000
    }
}
1255=
{
    position=
    {
        2463.500 1279.500 2463.500 1279.500 2463.500 1279.500 2463.500 1279.500 2463.500 1279.500 2463.500 1279.500 2463.500 1279.500
    }
    rotation=
    {
        0.000 0.000 0.000 0.000 0.000 0.000 0.000
    }
    height=
    {
        0.000 0.000 0.000 0.000 0.000 0.000 0.000
    }
}
1256=
{
    position=
    {
        3871.500 1791.500 3871.500 1791.500 3871.500 1791.500 3871.500 1791.500 3871.500 1791.500 3871.500 1791.500 3871.500 1791.500
    }
    rotation=
    {
        0.000 0.000 0.000 0.000 0.000 0.000 0.000
    }
    height=
    {
        0.000 0.000 0.000 0.000 0.000 0.000 0.000
    }
}
1257=
{
    position=
    {
        4575.500 1791.500 4575.500 1791.500 4575.500 1791.500 4575.500 1791.500 4575.500 1791.500 4575.500 1791.500 4575.500 1791.500
    }
    rotation=
    {
        0.000 0.000 0.000 0.000 0.000 0.000 0.000
    }
    height=
    {
        0.000 0.000 0.000 0.000 0.000 0.000 0.000
    }
}
1258=
{
    position=
    {
        351.500 767.500 351.500 767.500 351.500 767.500 351.500 767.500 351.500 767.500 351.500 767.500 351.500 767.500
    }
    rotation=
    {
        0.000 0.000 0.000 0.000 0.000 0.000 0.000
    }
    height=
    {
        0.000 0.000 0.000 0.000 0.000 0.000 0.000
    }
}
1259=
{
    position=
    {
        1055.500 255.500 1055.500 255.500 1055.500 255.500 1055.500 255.500 1055.500 255.500 1055.500 255.500 1055.500 255.500
    }
    rotation=
    {
        0.000 0.000 0.000 0.000 0.000 0.000 0.000
    }
    height=
    {
        0.000 0.000 0.000 0.000 0.000 0.000 0.000
    }
}
1260=
{
    position=
    {
        976.572 733.341 976.572 733.341 976.572 733.341 976.572 733.341 976.572 733.341 976.572 733.341 976.572 733.341
    }
    rotation=
    {
        0.000 0.000 0.000 0.000 0.000 0.000 0.000
    }
    height=
    {
        0.000 0.000 0.000 0.000 0.000 0.000 0.000
    }
}
1261=
{
    position=
    {
        351.500 1279.500 351.500 1279.500 351.500 1279.500 351.500 1279.500 351.500 1279.500 351.500 1279.500 351.500 1279.500
    }
    rotation=
    {
        0.000 0.000 0.000 0.000 0.000 0.000 0.000
    }
    height=
    {
        0.000 0.000 0.000 0.000 0.000 0.000 0.000
    }
}
1262=
{
    position=
    {
        1052.524 1282.312 1052.524 1282.312 1052.524 1282.312 1052.524 1282.312 1052.524 1282.312 1052.524 1282.312 1052.524 1282.312
    }
    rotation=
    {
        0.000 0.000 0.000 0.000 0.000 0.000 0.000
    }
    height=
    {
        0.000 0.000 0.000 0.000 0.000 0.000 0.000
    }
}
1263=
{
    position=
    {
        1055.500 1791.500 1055.500 1791.500 1055.500 1791.500 1055.500 1791.500 1055.500 1791.500 1055.500 1791.500 1055.500 1791.500
    }
    rotation=
    {
        0.000 0.000 0.000 0.000 0.000 0.000 0.000
    }
    height=
    {
        0.000 0.000 0.000 0.000 0.000 0.000 0.000
    }
}
1264=
{
    position=
    {
        1759.500 1791.500 1759.500 1791.500 1759.500 1791.500 1759.500 1791.500 1759.500 1791.500 1759.500 1791.500 1759.500 1791.500
    }
    rotation=
    {
        0.000 0.000 0.000 0.000 0.000 0.000 0.000
    }
    height=
    {
        0.000 0.000 0.000 0.000 0.000 0.000 0.000
    }
}
1265=
{
    position=
    {
        1800.321 1289.185 1800.321 1289.185 1800.321 1289.185 1800.321 1289.185 1800.321 1289.185 1800.321 1289.185 1800.321 1289.185
    }
    rotation=
    {
        0.000 0.000 0.000 0.000 0.000 0.000 0.000
    }
    height=
    {
        0.000 0.000 0.000 0.000 0.000 0.000 0.000
    }
}
1266=
{
    position=
    {
        2463.500 1791.500 2463.500 1791.500 2463.500 1791.500 2463.500 1791.500 2463.500 1791.500 2463.500 1791.500 2463.500 1791.500
    }
    rotation=
    {
        0.000 0.000 0.000 0.000 0.000 0.000 0.000
    }
    height=
    {
        0.000 0.000 0.000 0.000 0.000 0.000 0.000
    }
}
1267=
{
    position=
    {
        1755.329 764.837 1755.329 764.837 1755.329 764.837 1755.329 764.837 1755.329 764.837 1755.329 764.837 1755.329 764.837
    }
    rotation=
    {
        0.000 0.000 0.000 0.000 0.000 0.000 0.000
    }
    height=
    {
        0.000 0.000 0.000 0.000 0.000 0.000 0.000
    }
}
1268=
{
    position=
    {
        1759.500 255.500 1759.500 255.500 1759.500 255.500 1759.500 255.500 1759.500 255.500 1759.500 255.500 1759.500 255.500
    }
    rotation=
    {
        0.000 0.000 0.000 0.000 0.000 0.000 0.000
    }
    height=
    {
        0.000 0.000 0.000 0.000 0.000 0.000 0.000
    }
}
1269=
{
    position=
    {
        2502.274 773.519 2502.274 773.519 2502.274 773.519 2502.274 773.519 2502.274 773.519 2502.274 773.519 2502.274 773.519
    }
    rotation=
    {
        0.000 0.000 0.000 0.000 0.000 0.000 0.000
    }
    height=
    {
        0.000 0.000 0.000 0.000 0.000 0.000 0.000
    }
}
1270=
{
    position=
    {
        3167.500 767.500 3167.500 767.500 3167.500 767.500 3167.500 767.500 3167.500 767.500 3167.500 767.500 3167.500 767.500
    }
    rotation=
    {
        0.000 0.000 0.000 0.000 0.000 0.000 0.000
    }
    height=
    {
        0.000 0.000 0.000 0.000 0.000 0.000 0.000
    }
}
1271=
{
    position=
    {
        5279.500 1791.500 5279.500 1791.500 5279.500 1791.500 5279.500 1791.500 5279.500 1791.500 5279.500 1791.500 5279.500 1791.500
    }
    rotation=
    {
        0.000 0.000 0.000 0.000 0.000 0.000 0.000
    }
    height=
    {
        0.000 0.000 0.000 0.000 0.000 0.000 0.000
    }
}
1272=
{
    position=
    {
        3871.500 255.500 3871.500 255.500 3871.500 255.500 3871.500 255.500 3871.500 255.500 3871.500 255.500 3871.500 255.500
    }
    rotation=
    {
        0.000 0.000 0.000 0.000 0.000 0.000 0.000
    }
    height=
    {
        0.000 0.000 0.000 0.000 0.000 0.000 0.000
    }
}
1273=
{
    position=
    {
        3167.500 1279.500 3167.500 1279.500 3167.500 1279.500 3167.500 1279.500 3167.500 1279.500 3167.500 1279.500 3167.500 1279.500
    }
    rotation=
    {
        0.000 0.000 0.000 0.000 0.000 0.000 0.000
    }
    height=
    {
        0.000 0.000 0.000 0.000 0.000 0.000 0.000
    }
}
1274=
{
    position=
    {
        3871.500 1279.500 3871.500 1279.500 3871.500 1279.500 3871.500 1279.500 3871.500 1279.500 3871.500 1279.500 3871.500 1279.500
    }
    rotation=
    {
        0.000 0.000 0.000 0.000 0.000 0.000 0.000
    }
    height=
    {
        0.000 0.000 0.000 0.000 0.000 0.000 0.000
    }
}
1275=
{
    position=
    {
        3167.500 1791.500 3167.500 1791.500 3167.500 1791.500 3167.500 1791.500 3167.500 1791.500 3167.500 1791.500 3167.500 1791.500
    }
    rotation=
    {
        0.000 0.000 0.000 0.000 0.000 0.000 0.000
    }
    height=
    {
        0.000 0.000 0.000 0.000 0.000 0.000 0.000
    }
}
1276=
{
    position=
    {
        4575.500 767.500 4575.500 767.500 4575.500 767.500 4575.500 767.500 4575.500 767.500 4575.500 767.500 4575.500 767.500
    }
    rotation=
    {
        0.000 0.000 0.000 0.000 0.000 0.000 0.000
    }
    height=
    {
        0.000 0.000 0.000 0.000 0.000 0.000 0.000
    }
}
1277=
{
    position=
    {
        4575.500 255.500 4575.500 255.500 4575.500 255.500 4575.500 255.500 4575.500 255.500 4575.500 255.500 4575.500 255.500
    }
    rotation=
    {
        0.000 0.000 0.000 0.000 0.000 0.000 0.000
    }
    height=
    {
        0.000 0.000 0.000 0.000 0.000 0.000 0.000
    }
}
1278=
{
    position=
    {
        5279.500 255.500 5279.500 255.500 5279.500 255.500 5279.500 255.500 5279.500 255.500 5279.500 255.500 5279.500 255.500
    }
    rotation=
    {
        0.000 0.000 0.000 0.000 0.000 0.000 0.000
    }
    height=
    {
        0.000 0.000 0.000 0.000 0.000 0.000 0.000
    }
}
1279=
{
    position=
    {
        4575.500 1279.500 4575.500 1279.500 4575.500 1279.500 4575.500 1279.500 4575.500 1279.500 4575.500 1279.500 4575.500 1279.500
    }
    rotation=
    {
        0.000 0.000 0.000 0.000 0.000 0.000 0.000
    }
    height=
    {
        0.000 0.000 0.000 0.000 0.000 0.000 0.000
    }
}
1280=
{
    position=
    {
        5279.500 1279.500 5279.500 1279.500 5279.500 1279.500 5279.500 1279.500 5279.500 1279.500 5279.500 1279.500 5279.500 1279.500
    }
    rotation=
    {
        0.000 0.000 0.000 0.000 0.000 0.000 0.000
    }
    height=
    {
        0.000 0.000 0.000 0.000 0.000 0.000 0.000
    }
}
1281=
{
    position=
    {
        3871.500 767.500 3871.500 767.500 3871.500 767.500 3871.500 767.500 3871.500 767.500 3871.500 767.500 3871.500 767.500
    }
    rotation=
    {
        0.000 0.000 0.000 0.000 0.000 0.000 0.000
    }
    height=
    {
        0.000 0.000 0.000 0.000 0.000 0.000 0.000
    }
}
1282=
{
    position=
    {
        1359.768 617.286 1359.768 617.286 1359.768 617.286 1359.768 617.286 1359.768 617.286 1359.768 617.286 1359.768 617.286
    }
    rotation=
    {
        0.000 0.000 0.000 0.000 0.000 0.000 0.000
    }
    height=
    {
        0.000 0.000 0.000 0.000 0.000 0.000 0.000
    }
}
1283=
{
    position=
    {
        1445.561 686.943 1445.561 686.943 1445.561 686.943 1445.561 686.943 1445.561 686.943 1445.561 686.943 1445.561 686.943
    }
    rotation=
    {
        0.000 0.000 0.000 0.000 0.000 0.000 0.000
    }
    height=
    {
        0.000 0.000 0.000 0.000 0.000 0.000 0.000
    }
}
1284=
{
    position=
    {
        1466.764 797.812 1466.764 797.812 1466.764 797.812 1466.764 797.812 1466.764 797.812 1466.764 797.812 1466.764 797.812
    }
    rotation=
    {
        0.000 0.000 0.000 0.000 0.000 0.000 0.000
    }
    height=
    {
        0.000 0.000 0.000 0.000 0.000 0.000 0.000
    }
}
1285=
{
    position=
    {
        1362.492 853.145 1362.492 853.145 1362.492 853.145 1362.492 853.145 1362.492 853.145 1362.492 853.145 1362.492 853.145
    }
    rotation=
    {
        0.000 0.000 0.000 0.000 0.000 0.000 0.000
    }
    height=
    {
        0.000 0.000 0.000 0.000 0.000 0.000 0.000
    }
}
1286=
{
    position=
    {
        1294.554 878.338 1294.554 878.338 1294.554 878.338 1294.554 878.338 1294.554 878.338 1294.554 878.338 1294.554 878.338
    }
    rotation=
    {
        0.000 0.000 0.000 0.000 0.000 0.000 0.000
    }
    height=
    {
        0.000 0.000 0.000 0.000 0.000 0.000 0.000
    }
}
1287=
{
    position=
    {
        1227.996 907.930 1227.996 907.930 1227.996 907.930 1227.996 907.930 1227.996 907.930 1227.996 907.930 1227.996 907.930
    }
    rotation=
    {
        0.000 0.000 0.000 0.000 0.000 0.000 0.000
    }
    height=
    {
        0.000 0.000 0.000 0.000 0.000 0.000 0.000
    }
}
1288=
{
    position=
    {
        1124.756 998.138 1124.756 998.138 1124.756 998.138 1124.756 998.138 1124.756 998.138 1124.756 998.138 1124.756 998.138
    }
    rotation=
    {
        0.000 0.000 0.000 0.000 0.000 0.000 0.000
    }
    height=
    {
        0.000 0.000 0.000 0.000 0.000 0.000 0.000
    }
}
1289=
{
    position=
    {
        1134.145 904.464 1134.145 904.464 1134.145 904.464 1134.145 904.464 1134.145 904.464 1134.145 904.464 1134.145 904.464
    }
    rotation=
    {
        0.000 0.000 0.000 0.000 0.000 0.000 0.000
    }
    height=
    {
        0.000 0.000 0.000 0.000 0.000 0.000 0.000
    }
}
1290=
{
    position=
    {
        1189.552 832.384 1189.552 832.384 1189.552 832.384 1189.552 832.384 1189.552 832.384 1189.552 832.384 1189.552 832.384
    }
    rotation=
    {
        0.000 0.000 0.000 0.000 0.000 0.000 0.000
    }
    height=
    {
        0.000 0.000 0.000 0.000 0.000 0.000 0.000
    }
}
1291=
{
    position=
    {
        1251.790 787.690 1251.790 787.690 1251.790 787.690 1251.790 787.690 1251.790 787.690 1251.790 787.690 1251.790 787.690
    }
    rotation=
    {
        0.000 0.000 0.000 0.000 0.000 0.000 0.000
    }
    height=
    {
        0.000 0.000 0.000 0.000 0.000 0.000 0.000
    }
}
1292=
{
    position=
    {
        1313.289 762.071 1313.289 762.071 1313.289 762.071 1313.289 762.071 1313.289 762.071 1313.289 762.071 1313.289 762.071
    }
    rotation=
    {
        0.000 0.000 0.000 0.000 0.000 0.000 0.000
    }
    height=
    {
        0.000 0.000 0.000 0.000 0.000 0.000 0.000
    }
}
1293=
{
    position=
    {
        1346.961 710.894 1346.961 710.894 1346.961 710.894 1346.961 710.894 1346.961 710.894 1346.961 710.894 1346.961 710.894
    }
    rotation=
    {
        0.000 0.000 0.000 0.000 0.000 0.000 0.000
    }
    height=
    {
        0.000 0.000 0.000 0.000 0.000 0.000 0.000
    }
}
1294=
{
    position=
    {
        1315.755 961.054 1315.755 961.054 1315.755 961.054 1315.755 961.054 1315.755 961.054 1315.755 961.054 1315.755 961.054
    }
    rotation=
    {
        0.000 0.000 0.000 0.000 0.000 0.000 0.000
    }
    height=
    {
        0.000 0.000 0.000 0.000 0.000 0.000 0.000
    }
}
1295=
{
    position=
    {
        1422.455 1124.503 1422.455 1124.503 1422.455 1124.503 1422.455 1124.503 1422.455 1124.503 1422.455 1124.503 1422.455 1124.503
    }
    rotation=
    {
        0.000 0.000 0.000 0.000 0.000 0.000 0.000
    }
    height=
    {
        0.000 0.000 0.000 0.000 0.000 0.000 0.000
    }
}
1296=
{
    position=
    {
        1492.266 1146.022 1492.266 1146.022 1492.266 1146.022 1492.266 1146.022 1492.266 1146.022 1492.266 1146.022 1492.266 1146.022
    }
    rotation=
    {
        0.000 0.000 0.000 0.000 0.000 0.000 0.000
    }
    height=
    {
        0.000 0.000 0.000 0.000 0.000 0.000 0.000
    }
}
1297=
{
    position=
    {
        1553.259 1182.882 1553.259 1182.882 1553.259 1182.882 1553.259 1182.882 1553.259 1182.882 1553.259 1182.882 1553.259 1182.882
    }
    rotation=
    {
        0.000 0.000 0.000 0.000 0.000 0.000 0.000
    }
    height=
    {
        0.000 0.000 0.000 0.000 0.000 0.000 0.000
    }
}
1298=
{
    position=
    {
        1619.477 1246.363 1619.477 1246.363 1619.477 1246.363 1619.477 1246.363 1619.477 1246.363 1619.477 1246.363 1619.477 1246.363
    }
    rotation=
    {
        0.000 0.000 0.000 0.000 0.000 0.000 0.000
    }
    height=
    {
        0.000 0.000 0.000 0.000 0.000 0.000 0.000
    }
}
1299=
{
    position=
    {
        1732.127 1295.222 1732.127 1295.222 1732.127 1295.222 1732.127 1295.222 1732.127 1295.222 1732.127 1295.222 1732.127 1295.222
    }
    rotation=
    {
        0.000 0.000 0.000 0.000 0.000 0.000 0.000
    }
    height=
    {
        0.000 0.000 0.000 0.000 0.000 0.000 0.000
    }
}
1300=
{
    position=
    {
        1604.570 1361.179 1604.570 1361.179 1604.570 1361.179 1604.570 1361.179 1604.570 1361.179 1604.570 1361.179 1604.570 1361.179
    }
    rotation=
    {
        0.000 0.000 0.000 0.000 0.000 0.000 0.000
    }
    height=
    {
        0.000 0.000 0.000 0.000 0.000 0.000 0.000
    }
}
